90384
77478
93093
78186
90965
83366
58675
92400
91655
91355
85349
90548
90067
82196
18403
89911
11707
93095
89289
89207
21135
91237
91983
51692
63781
93123
85077
92354
85772
55213
92913
86802
76961
40416
90271
79464
89246
90537
69892
87540
88818
63765
92259
92379
47677
89332
37284
84651
59089
89817
91750
88495
92239
89509
93001
88309
64020
18438
15069
90272
82298
70332
46392
17523
92506
58501
89760
84668
92010
66245
67838
89154
83450
90853
50788
89949
85939
75650
89946
85616
88888
50702
87184
91801
92188
91854
91389
22825
83661
17961
10952
81049
12650
78763
88282
65330
68144
90761
80185
10375
46077
92530
40440
86106
31077
42796
78137
83720
81292
89541
66835
75887
85425
75466
90253
86305
78916
90499
85337
81598
88822
91635
88953
88668
75416
90793
76515
88901
83186
86314
88590
77691
77418
90524
68187
50585
78089
81675
86313
80691
76639
80717
92980
86021
81030
76602
85421
89014
81521
26614
76118
92272
90300
89335
21231
43772
28310
92271
77066
90762
89977
75032
76246
77816
71271
82855
92171
68021
24942
24432
75840
90068
77768
92618
91974
80725
89852
75233
79036
91414
86117
92128
23085
91138
92406
90651
80421
89051
91568
93026
89811
77467
85340
89052
11378
12503
14752
20765
21152
21186
26470
27043
27430
29867
31500
31974
35124
43837
44951
45495
45728
46340
46877
46922
51633
52716
54578
59774
61778
61815
64629
64899
67467
70295
70420
72696
75041
75100
75241
75275
75316
75341
75443
75459
75465
76477
76613
77069
77071
77073
77466
77501
77516
77607
77609
77763
77808
78056
78057
78852
78854
78877
78963
79048
79225
79226
79233
79244
79667
79767
79777
79891
79915
80113
80303
80682
80926
81038
81912
82859
83421
83462
83834
84026
84103
84365
84375
84576
84734
84772
84776
84780
85237
85653
85897
85908
85917
85931
85947
85951
86023
86218
86341
86416
86486
86560
86563
86593
86889
87133
87214
87268
87285
87844
88307
88660
88845
88960
89182
89183
89184
89281
89304
89361
89365
89398
89409
89517
89537
89538
89548
89581
89782
89839
89840
89901
89976
89990
90164
90269
90338
90346
90387
90392
90432
90434
90440
90494
90507
90518
90531
90657
90698
90700
90703
90839
90843
90987
91037
91040
91044
91109
91390
91426
91452
91525
91656
91692
91813
91859
91973
91979
92020
92044
92120
92144
92149
92154
92191
92257
92263
92405
92672
92728
92748
92901
92902
92945
93031
93071
93150
93175
