10375
10952
11378
11707
12503
12650
14752
15069
17523
17961
18403
18438
20765
21135
21152
21186
21231
22825
23085
24432
24942
26470
26614
27043
27430
28310
29867
31077
31500
31974
35124
37284
40416
40440
42796
43772
43837
44951
45495
45728
46077
46340
46392
46877
46922
47677
50585
50702
50788
51633
51692
52716
54578
55213
58501
58675
59089
59774
61778
61815
63765
63781
64020
64629
64899
65330
66245
66835
67467
67838
68021
68144
68187
69892
70295
70332
70420
71271
72696
75032
75041
75100
75233
75241
75275
75316
75341
75416
75443
75459
75465
75466
75650
75840
75887
76118
76246
76477
76515
76602
76613
76639
76961
77066
77069
77071
77073
77418
77466
77467
77478
77501
77516
77607
77609
77691
77763
77768
77808
77816
78056
78057
78089
78137
78186
78763
78852
78854
78877
78916
78963
79036
79048
79225
79226
79233
79244
79464
79667
79767
79777
79891
79915
80113
80185
80303
80421
80682
80691
80717
80725
80926
81030
81038
81049
81292
81521
81598
81675
81912
82196
82298
82855
82859
83186
83366
83421
83450
83462
83661
83720
83834
84026
84103
84365
84375
84576
84651
84668
84734
84772
84776
84780
85077
85237
85337
85340
85349
85421
85425
85616
85653
85772
85897
85908
85917
85931
85939
85947
85951
86021
86023
86106
86117
86218
86305
86313
86314
86341
86416
86486
86560
86563
86593
86802
86889
87133
87184
87214
87268
87285
87540
87844
88282
88307
88309
88495
88590
88660
88668
88818
88822
88845
88888
88901
88953
88960
89014
89051
89052
89154
89182
89183
89184
89207
89246
89281
89289
89304
89332
89335
89361
89365
89398
89409
89509
89517
89537
89538
89541
89548
89581
89760
89782
89811
89817
89839
89840
89852
89901
89911
89946
89949
89976
89977
89990
90067
90068
90164
90253
90269
90271
90272
90300
90338
90346
90384
90387
90392
90432
90434
90440
90494
90499
90507
90518
90524
90531
90537
90548
90651
90657
90698
90700
90703
90761
90762
90793
90839
90843
90853
90965
90987
91037
91040
91044
91109
91138
91237
91355
91389
91390
91414
91426
91452
91525
91568
91635
91655
91656
91692
91750
91801
91813
91854
91859
91973
91974
91979
91983
92010
92020
92044
92120
92128
92144
92149
92154
92171
92188
92191
92239
92257
92259
92263
92271
92272
92354
92379
92400
92405
92406
92506
92530
92618
92672
92728
92748
92901
92902
92913
92945
92980
93001
93026
93031
93071
93093
93095
93123
93150
93175
